210 1010011

nemini 11 36.

000100 (= 110011 11 44 [11 35].

ιια1100(---Ὶ 01016111 0010110] 11 34. 001011
V 26. 0010100 11 111 001[01010]1112.
00161010 (eum apice 11321 11 32. 40.
00101110] 11 4.

neque V 15 bis.

[1101100010 V 21. 45. Nerone 111 231 Ne·
[1]0001138.

[0111110 1122.

[001000] (ε11101001111 21. neminie 11 10.
15. 01110100 (eum 01100 11 3. 34. 40)
1113 11 3. 23. 31. 32. 34 bis. 40. 531
[0010100111 35.

000 [0001101110οΝ 1623) Ν 16. 23 1141
0[00] V 10.

0001[10] 11 131 [0001110 V 101 [000111011
33. 00011001 V 51 115. 0001101001 V 26.

nevus (= καινός 1112 11 311 1101111211
0010 Ν 12. 00101131. 00110] 1112.

001111 13. 00110 Ν 18.

0010010νί [ι- ἡρίθμησιι) 111 125. [010-
0101010 11131.

001001οι0 11 1. [00100101131.

[010000111010 (= ἇργυρικάς) 11142.

00101000 1110111101.) 111 18. 00010100 111 13.

0000 Ν 44.

00000[10101010] 1 24.

0001000111 14 1441 000[1]00101121.

eb 110.

[05111010 11 35.

[0100010110 11 26.

0001110 (ε 01000101011010111 00001010101
1126. 000010100 V 34.

60000001 11. [00000001] V 14.

0010111001 Ν 4.

octingentos Ν 45.

00101101011 11 [11 31].

0010100 (= μόνον) 11 44.

00101001 11126 Ν 43 191 [0010101011 14.
0110111001 14. 18. 0[10000] Ν 201 001010
[0001111132. 0100101113.

01110010 (= πόλις) V 21. 23. 011100 V 21.

0111000010 l 2.

0100 t= ἔργον) Ν 9. 01010 Ν 11 1131.

orbem 111101. 1. 01110113.

0100 11 24. 010100101π βουλῇ) 14.

01100110 (= 0110001011 1 14. 01100[10]10
132.

01100000 1 31.

0100010010 (= 111031100101 11 43,

01601011 113 0100[1]0 11 4.

0011001(-- στόμα) 1 11. 00110 1 14.

01100121.

1......1133.

110001--11111011011 1. 131 [lv] 1111111003-
tamea V 1211 10011111. [12]. [100011]
1 13.

1011111Ι (mm 110011 e) 11 2. 0111 11].

100000101001 144.

[Panse] l 4.

101001ε 1011101οι11 peperci 1 14.

1011101010 (= πατέρα) 1 10.

10110[10] (= ἀσπίσιν) 111 5.

pario: perte 11 43.

101011 34. 1011011 22 1 33.

1011111111 10. Parthorum 154 1133.
1011111101 40.

1001000 = 11000ιὴ111 111 23.

1111011124. 101110111 7. 10110 11 14.

patior: 100000 (= 0101001 11 3.

[11011100 1125.

patriciorum 11 1.

patrimonium [τε 1110111111 [matrimonio
111 31 1011100010] 111 421 [10]1[1110]0010
11133.

100110 111 21.

[100110] 1 38.

10111144. [1001011133.

pecunie [π χρῆμα 11 53 11 231 χρήματα
11122) 1140. 10011011]οο 1123. 10-
000100 1 13 111 22. 1000010 11 531
[1010010 111 34.

1000010011 51.

10011100 (= κατοικιδίων 11 ’1, [1110111011
111 auctario 1133) 111 1133.

1000111111ε ἀδύτῳ) 1 42.

[penurie] 1.- anem.) 1 00.

10112 113. 11. 27. 28. 45. 52 115.
141 [110111 431 [10111 211 10[1] 1120.

perfice (= 0111011 1011001 11 14. 101-
100100οω 11 16. 10100111 16.

10[11]0[10] 1 31.

101000101[0]11 (= ἠρίθμησα) 111 10.

10100111111 32.

1011100010οῐ 111 13. 10110010[10]1 22.

pes: pedes 11 45.

1010 (-- 011111 1 18 11161 ἀξιοῦν 142.
5111 1011010011 18 [51]. 101010 112.
101000 116. 10111100 11 10.

 

