GRAECA 11, 14-18, 16

1111 11100101011111Ν11111111011101110111111111.
11 01111011111110111111011110111111111111111111111
11 111111101110111111111111011111111111111011
11 1111111111111111111111011111111010111111
11 1101111111111110111101111111111111111111
11 111101111111111111111110111101111111111111
11 nmwnmmzzmflzr·ovxmmmmm
11 111101111101111011111111111111111111111
11 11111111111111111Α11011111111111110111111το1
aa 11011111111011111111111111111110111111110111
11 11111111111011111111011111110101110111101

111 1111111111111111011110111111111110111111
10111111110111111111101· or 10111111
101111111101111111111111111(1111011111
1111111110111110111101111110111111111111
111111111111111111111111111111 11 1111011111
1111111111111110111111111 · 111111 111 11111111
1111111111 110111111101111111111110111101

a 1111111111111111101

1 111111111111111111111111011101101111111
11 1111011111011111101τ1111011111111111111011111
11 1111111111111101110111111111111111111110111110110
11 111101110111101111101111110111111101101111111
11 11111111111111011111111111111111011111111111101101
11 10111111111111το1111110111111111111111111111
11 το· 011111110111111110111011110111101101
11 11101- <

>

Hmilton et eetypum omnin, 1101111111 1181111111101111 1111111111 partes 1111111111.

111111111111111111111151 111111011111111 1 1511101111111111111111111
111110111111111011 1 1810111111111110111111111 Ι 1110111111111

111111 1 11111111111111011111 1 1111111111111 1 11 1110111111 Ι

1411011

18,1 111111 111101 11111111, 111111110101 Ham. 1 10111011 11111, 01111011
11111111. 1 1101111111111111τ11111 1 1111111111111111111,1011111111111. 1
1111111101111111 11111111,11111111101111111111. 1 6111111111. 1 1111111
1111111111.,1111111111111. 1 11111111111101111111111. 1 1111101 1111111. 1
1111111] 1011 flam. 1 11 111111 11101 flam.

...ψ-*-

11 11111111 - 0111111·101151111 11111111.,11111111 1111111111 00111111111111.
chish. Ι 15111] 111 11111111, 5111 1111. 111111.,5111111. ·

15 10111151111111, 1011115111 11111111, 101111501111111111. 1 111111] 1111
[110 chish.

11 1151111111. 1 11111111 111. 1 1115111111] 11111111111151111111111,
1115111111111.,1115111111111111111111 1 τ·11]1111111.,11111.

11 511011011115] 111, 111 0111111115 Pom, 11101101115 111, 111 &migras
01111, svs · 0110111015 1111111. 1 1511111] 111 Pera, s1· 1111 11111. 11111111,
1111111111.

18 11111111·1111111 Pom, 111111 1111111 1111111111, Auum-Aetam 11111111. 1
5111110115 priores.

 

